VaR_1:-0.04246426498537438
VaR_5:-0.03025078972554183